99 9900000000
133477080 329181177
254315574 215100902
469141613 267691477
594951163 294437165
599893930 259521486
999041875 167306392
1004192919 185321013
1051394417 200661034
1064225425 203597671
1140799352 128069371
1310028989 194171472
1364051176 125389297
1521253589 192702463
1714497543 187592822
1907086950 138572209
1984678828 157845055
2165915872 160252268
2170144649 134471623
2184909872 101961578
2263770222 80875226
2378830016 103486278
2436152908 155631547
2479712488 151915004
2559227954 121194454
2573809655 114396924
2585219491 81197507
2907759436 96751120
3011518194 72629025
3044491849 46465702
3055394385 48951497
3221304941 71180527
3284489790 62604706
3301786212 71322168
3315514653 71611459
3356336598 51863729
3523024034 51370690
3542429266 59256104
3606765843 28842647
3610219145 36494396
3623603091 24634193
3652855874 36173350
3724791653 22840866
3831713964 28188416
3902288552 15777545
3966794354 14565325
3988771608 16329718
4024451439 13652801
4035789997 17741636
4330413768 13669170
4401530307 15894324
4493223246 17639052
4665258952 8390312
4701002314 17851646
4807762515 14679439
5104884015 17788435
5328443101 17759537
5360025926 13855550
5381201754 13558487
5726325621 8840340
5755558832 17219888
5986944597 15945880
6197205294 18664862
6344727246 15921090
6357164705 12064776
6413052032 15215377
6519556826 20290374
6608657351 10959628
6820681297 14236751
6940793529 18263322
6996726429 22971942
7081701695 20654579
7258427316 30906729
7290364776 42102931
7381365841 36887467
7481201595 61778531
7560181710 71754291
7642128341 49908123
7673728837 58009633
7712797197 80884201
7885317026 56180954
8016705715 91901186
8120557550 113986383
8203851401 100557199
8310216402 85163085
8381663340 124596908
8476395529 120975824
8497923904 162897960
8539518566 160198242
8772563525 141586675
8917403911 129104126
9039361018 94375477
9050101971 114790238
9313846918 228162537
9342382062 158197226
9386619814 116946818
9575969422 202600828
9731077156 239133904
9802796933 307394577
9834207211 225842721
